     0/299    0.822G    0.1074   0.05809   0.07967    0.2452        42       640    0.1288   0.03821   0.05758    0.0199   0.08585   0.05577   0.07042
     1/299     2.17G   0.07892   0.06382   0.06479    0.2075        20       640   0.05746    0.1443    0.1079   0.04345   0.06788   0.05232    0.0565
     2/299     2.17G   0.06795   0.05811   0.05325    0.1793        44       640    0.1218    0.2408    0.1534   0.06068    0.0591   0.04605   0.04856
     3/299     2.17G   0.06425    0.0505   0.04824     0.163        18       640    0.1152     0.249    0.1279   0.04565   0.06369    0.0404   0.04389
     4/299     2.17G   0.06858    0.0495   0.04494     0.163        36       640    0.1076    0.3755    0.1919   0.07425   0.05836    0.0417   0.04093
     5/299     2.17G   0.06494     0.049   0.04251    0.1565        32       640    0.1911    0.3443    0.2228   0.09487   0.05973   0.04008   0.03898
     6/299     2.17G   0.06572   0.04662   0.04053    0.1529        40       640    0.2052    0.3799    0.2351   0.08964   0.05745   0.03946   0.03628
     7/299     2.17G   0.06452    0.0493   0.03873    0.1525        34       640    0.1789    0.3657    0.2309   0.07497    0.0615   0.03835    0.0348
     8/299     2.17G   0.06428   0.04638    0.0367    0.1474        45       640    0.1489     0.473    0.2437   0.09527   0.06123   0.03955   0.03287
     9/299     2.17G   0.06434   0.04865   0.03559    0.1486        28       640    0.1806    0.4352    0.2535   0.09555    0.0604   0.03995   0.03154
    10/299     2.17G   0.06244   0.04972   0.03409    0.1463        37       640    0.1485     0.543    0.2503    0.1089   0.05703   0.03963   0.03095
    11/299     2.17G   0.06013   0.04736   0.03305    0.1405        31       640    0.1508    0.5712    0.2593   0.09475   0.05389   0.03955   0.02947
    12/299     2.17G   0.05692   0.04773   0.03289    0.1375        34       640    0.2095    0.5348    0.3227    0.1166    0.0539   0.03849   0.02824
    13/299     2.17G    0.0556   0.04704   0.03169    0.1343        34       640    0.2218    0.5824    0.3699    0.1437   0.04833   0.03956   0.02722
    14/299     2.17G   0.05356    0.0473   0.03064    0.1315        28       640    0.2011    0.5954    0.3362    0.1543   0.04809    0.0388   0.02689
    15/299     2.17G   0.05274   0.04805   0.03002    0.1308        34       640    0.1898    0.6323    0.3542    0.1559    0.0488   0.03877   0.02558
    16/299     2.17G   0.05417   0.04899   0.02891    0.1321        52       640    0.2382    0.6145    0.4145    0.1636   0.04918   0.03817   0.02465
    17/299     2.17G   0.05219   0.04927    0.0281    0.1296        38       640    0.2155    0.6345    0.4349    0.1892   0.04647   0.03763   0.02386
    18/299     2.17G   0.04936   0.04777   0.02805    0.1252        61       640    0.2555    0.6398    0.4592    0.2042   0.04456   0.03836   0.02301
    19/299     2.17G   0.05076   0.04684   0.02714    0.1247        48       640     0.185    0.6526    0.4053    0.1761   0.04879    0.0375   0.02205
    20/299     2.17G   0.05068   0.04697   0.02585    0.1235        58       640    0.2275    0.6383    0.4502    0.2033   0.04563   0.03747   0.02242
    21/299     2.17G   0.04902   0.04431   0.02553    0.1189        37       640    0.2465    0.6448    0.4289    0.2061   0.04377   0.03788    0.0215
    22/299     2.17G   0.04906   0.04843   0.02525    0.1227        47       640    0.2415     0.667    0.4775    0.2232    0.0448   0.03681   0.02049
    23/299     2.17G   0.04945     0.044   0.02449    0.1179        32       640    0.2409    0.6575    0.4653    0.2215   0.04282   0.03712   0.02024
    24/299     2.17G   0.05033    0.0455   0.02475    0.1206        28       640    0.2247    0.6587    0.4641     0.205   0.04403   0.03717   0.02046
    25/299     2.17G    0.0477   0.04533   0.02456    0.1176        30       640     0.252    0.6589    0.4722    0.2128   0.04314   0.03731    0.0202
    26/299     2.17G   0.04675   0.04624   0.02407    0.1171        35       640    0.2317    0.6511    0.4707    0.2128   0.04393   0.03695   0.02072
    27/299     2.17G   0.04976   0.04636   0.02501    0.1211        32       640    0.2539    0.6541    0.4835    0.2065     0.047   0.03661   0.01975
    28/299     2.17G   0.04996   0.04511    0.0247    0.1198        17       640    0.2695    0.6715    0.4874    0.2281   0.04243   0.03643   0.01958
    29/299     2.17G   0.04708   0.04446   0.02453    0.1161        36       640    0.2525    0.6653    0.4894    0.2159   0.04366   0.03639   0.01959
    30/299     2.17G   0.04681   0.04383   0.02429    0.1149        31       640    0.2635    0.6689    0.4885    0.2262   0.04293   0.03628   0.01914
    31/299     2.17G   0.04717   0.04568    0.0237    0.1165        39       640    0.2294    0.6873     0.497     0.248   0.04335   0.03587   0.01874
    32/299     2.17G   0.04703   0.04442   0.02244    0.1139        39       640    0.2359    0.6948    0.4954     0.218   0.04353   0.03581   0.01851
    33/299     2.17G   0.04683   0.04463   0.02308    0.1145        35       640    0.2935    0.6821    0.5151    0.2468   0.04064   0.03519   0.01806
    34/299     2.17G   0.04661   0.04555   0.02332    0.1155        28       640    0.2552    0.6845    0.4871    0.2347   0.04244   0.03491   0.01746
    35/299     2.17G   0.04708   0.04275   0.02202    0.1118        23       640    0.2545    0.6914    0.5117    0.2458   0.04347   0.03408   0.01747
    36/299     2.17G    0.0474   0.04463   0.02368    0.1157        26       640    0.2791    0.6867    0.5192    0.2434   0.04459   0.03494   0.01742
    37/299     2.17G   0.04776   0.04484   0.02239     0.115        56       640    0.2507    0.7033    0.5369    0.2644   0.04111   0.03483   0.01736
    38/299     2.17G   0.04476   0.04412   0.02191    0.1108        44       640    0.2895    0.6973     0.539    0.2743   0.03884   0.03463    0.0172
    39/299     2.17G   0.04436   0.04479   0.02227    0.1114        36       640    0.2407    0.6997      0.49    0.2429   0.04175   0.03509    0.0173
    40/299     2.17G   0.04672   0.04311   0.02172    0.1115        40       640    0.2775    0.6862    0.5278    0.2432   0.04249   0.03452   0.01698
    41/299     2.17G   0.04698   0.04313   0.02168    0.1118        32       640    0.2732    0.6809    0.5235    0.2452    0.0442    0.0344   0.01665
    42/299     2.17G   0.04533   0.04307   0.02184    0.1102        27       640    0.2732    0.6923    0.5485    0.2632   0.04022   0.03468   0.01676
    43/299     2.17G    0.0449   0.04313   0.02078    0.1088        33       640    0.2801    0.6956    0.5517    0.2724   0.03873   0.03416   0.01676
    44/299     2.17G   0.04671   0.04331   0.02146    0.1115        42       640    0.3094    0.6849    0.5486    0.2799    0.0392   0.03417   0.01659
    45/299     2.17G   0.04349    0.0421   0.02175    0.1073        25       640    0.2782    0.7014     0.547    0.2833   0.03881    0.0339   0.01634
    46/299     2.17G   0.04303   0.04387   0.02145    0.1084        48       640    0.3038    0.6915    0.5279     0.272   0.03991   0.03346    0.0162
    47/299     2.17G   0.04423   0.04332    0.0212    0.1088        25       640    0.2824    0.7023    0.5312    0.2563   0.04005    0.0337   0.01642
    48/299     2.17G   0.04509   0.04105   0.02049    0.1066        24       640    0.2903    0.7022    0.5456    0.2791   0.03986   0.03364   0.01614
    49/299     2.17G   0.04295   0.04247   0.02042    0.1058        21       640    0.2786    0.7047     0.533    0.2821   0.03777   0.03375     0.016
    50/299     2.17G   0.04176   0.04059     0.021    0.1033        33       640    0.2984    0.6921    0.5457    0.2824   0.03806   0.03313   0.01654
    51/299     2.17G   0.04322   0.04027   0.02125    0.1047        30       640    0.2954      0.69    0.5461    0.2808   0.03831   0.03351   0.01612
    52/299     2.17G   0.04424   0.04309   0.02123    0.1086        37       640    0.3108    0.6991    0.5568    0.2919   0.03734   0.03298   0.01588
    53/299     2.17G   0.04208   0.04177   0.02063    0.1045        22       640    0.3181    0.6923    0.5586    0.2829   0.03818   0.03383   0.01563
    54/299     2.17G   0.04247   0.04294   0.01956     0.105        37       640    0.2974    0.7023    0.5582    0.2826   0.03778   0.03303   0.01564
    55/299     2.17G    0.0437    0.0423   0.02059    0.1066        28       640    0.2917    0.6875    0.5442    0.2762   0.03926   0.03263   0.01532
    56/299     2.17G   0.04432   0.04169   0.02016    0.1062        35       640    0.3032    0.6977    0.5447    0.2816   0.03845   0.03292   0.01531
    57/299     2.17G   0.04273   0.04217   0.01993    0.1048        46       640    0.3078    0.7031    0.5598     0.294   0.03757   0.03295   0.01536
    58/299     2.17G   0.04297   0.04056   0.01974    0.1033        39       640    0.3192    0.7022    0.5627    0.3055   0.03717   0.03226   0.01505
    59/299     2.17G   0.04445   0.04307   0.02009    0.1076        27       640    0.2689    0.7162    0.5587    0.2873   0.04007   0.03237   0.01497
    60/299     2.17G   0.04454   0.04345   0.01969    0.1077        50       640    0.3073    0.7039    0.5705    0.3058   0.03688   0.03227   0.01486
    61/299     2.17G   0.04251    0.0423   0.01948    0.1043        33       640    0.3132    0.7098    0.5725    0.3013   0.03659   0.03219   0.01475
    62/299     2.17G   0.04031   0.04081   0.01973    0.1008        32       640    0.2888    0.7151    0.5871    0.3085   0.03716   0.03232    0.0147
    63/299     2.17G   0.04281   0.04132   0.01922    0.1034        28       640    0.3105    0.7138    0.5906    0.3271   0.03625   0.03176   0.01463
    64/299     2.17G   0.04243   0.04004   0.01948     0.102        38       640    0.3181    0.7115    0.6002    0.3456   0.03572    0.0317   0.01458
    65/299     2.17G   0.04309   0.04301   0.01957    0.1057        39       640    0.2956     0.718    0.6047    0.3386   0.03593   0.03216    0.0144
    66/299     2.17G   0.04043   0.04146   0.01965    0.1015        28       640    0.2986      0.72    0.6465     0.355   0.03598   0.03219   0.01435
    67/299     2.17G    0.0419    0.0423   0.01882     0.103        26       640    0.3012    0.7113    0.6222    0.3437   0.03611   0.03161   0.01497
    68/299     2.17G   0.04155   0.04087   0.01924    0.1017        42       640    0.4503     0.836    0.7167     0.414   0.03393   0.03081   0.01434
    69/299     2.17G   0.04114   0.03885   0.01884   0.09884        38       640    0.3094    0.7129     0.598    0.3216   0.03682   0.03081   0.01413
    70/299     2.17G   0.04032   0.04162   0.01868    0.1006        18       640    0.3299     0.709    0.6207    0.3561   0.03427   0.03116   0.01395
    71/299     2.17G   0.04021   0.04002   0.01934   0.09958        18       640    0.3031    0.7239    0.6398    0.3545   0.03606   0.03044   0.01375
    72/299     2.17G   0.04148   0.04029   0.01859    0.1004        30       640     0.309    0.7226    0.5997    0.3314   0.03497   0.03102   0.01398
    73/299     2.17G   0.04081   0.04008   0.01827   0.09916        20       640    0.3405    0.7173    0.6125    0.3497   0.03515   0.03019   0.01369
    74/299     2.17G   0.04083    0.0403   0.01797    0.0991        35       640    0.3295    0.7206    0.6233     0.355    0.0357   0.03037   0.01371
    75/299     2.17G    0.0415     0.039   0.01773   0.09823        46       640    0.2994    0.7161    0.6531    0.3785   0.03531   0.03113   0.01383
    76/299     2.17G   0.04202   0.04048   0.01855    0.1011        60       640    0.4467    0.8372    0.7121    0.3968   0.03553   0.03052   0.01387
    77/299     2.17G   0.04141   0.04187   0.01854    0.1018        66       640    0.4517    0.8358    0.7117    0.3963   0.03489   0.03051   0.01396
    78/299     2.17G   0.03877   0.03851   0.01777   0.09505        21       640    0.3211    0.7171    0.6404     0.368   0.03441   0.03021   0.01343
    79/299     2.17G   0.04053   0.04016   0.01796   0.09865        38       640    0.4636     0.843    0.7285    0.4162   0.03471   0.03039   0.01332
    80/299     2.17G   0.04055   0.03998   0.01751   0.09804        32       640     0.445    0.8467     0.732    0.3851   0.03544    0.0305   0.01321
    81/299     2.17G   0.04158   0.03948   0.01731   0.09838        35       640    0.4601    0.8479    0.7372    0.4312   0.03316   0.02987   0.01317
    82/299     2.17G   0.03816   0.03843   0.01743   0.09402        22       640    0.4386    0.8501    0.7368    0.4279   0.03371   0.03018   0.01272
    83/299     2.17G   0.03962   0.04057    0.0179   0.09809        28       640    0.4505    0.8481    0.7329    0.4186   0.03307   0.02933   0.01278
    84/299     2.17G   0.04199   0.03978   0.01763    0.0994        28       640    0.4517    0.8522    0.7482    0.4435   0.03475   0.02996   0.01275
    85/299     2.17G   0.04052   0.04015   0.01779   0.09846        33       640    0.3295    0.7252    0.6602    0.3735   0.03416    0.0295   0.01249
    86/299     2.17G   0.03973   0.03902   0.01804   0.09678        47       640    0.3281    0.7234    0.6656    0.3528   0.03453   0.02997   0.01214
    87/299     2.17G    0.0398   0.03837   0.01755   0.09571        61       640    0.3308     0.721    0.6796    0.3786   0.03355   0.02937   0.01202
    88/299     2.17G   0.04037    0.0387   0.01782   0.09689        29       640     0.583    0.9708    0.8551    0.4325   0.03377   0.02987   0.01247
    89/299     2.17G   0.04008   0.03782   0.01754   0.09545        21       640    0.6004     0.974    0.8734     0.466    0.0327   0.02937   0.01222
    90/299     2.17G    0.0384   0.03903   0.01678    0.0942        42       640    0.5883    0.9707    0.8686    0.4536   0.03368   0.02973   0.01262
    91/299     2.17G   0.03996   0.03726   0.01672   0.09394        27       640    0.4679    0.8495    0.7595    0.3929   0.03342   0.02947   0.01242
    92/299     2.17G   0.04075   0.03962   0.01741   0.09778        28       640    0.4522    0.8497     0.761    0.4175   0.03429   0.02985   0.01206
    93/299     2.17G   0.03918   0.03833   0.01649   0.09399        36       640    0.3346    0.7283    0.6533    0.3839   0.03303   0.02896   0.01205
    94/299     2.17G   0.03958   0.03872   0.01725   0.09555        32       640     0.461    0.8517    0.7797    0.4574   0.03334   0.02905   0.01175
    95/299     2.17G   0.03995   0.03867   0.01658   0.09519        22       640    0.6009    0.9707    0.8788    0.5265   0.03294   0.02898   0.01149
    96/299     2.17G   0.04008   0.03928   0.01725   0.09662        27       640    0.4402    0.8478    0.7907    0.4709   0.03206   0.02868   0.01161
    97/299     2.17G   0.03907   0.03642   0.01645   0.09194        24       640    0.3542    0.7211    0.7214    0.4012   0.03248   0.02846   0.01164
    98/299     2.17G   0.03775   0.03783   0.01606   0.09165        36       640    0.6035    0.9788     0.887    0.5078   0.03177   0.02797   0.01128
    99/299     2.17G   0.03758   0.03815   0.01648   0.09221        28       640    0.6127    0.9732    0.8788    0.5163   0.03202   0.02753   0.01122
   100/299     2.17G   0.03823   0.03774   0.01651   0.09248        37       640    0.5745    0.9775     0.881    0.4646   0.03402   0.02805   0.01118
   101/299     2.17G   0.03905   0.03861   0.01646   0.09412        23       640     0.459    0.8526    0.8277    0.4668   0.03175   0.02763   0.01132
   102/299     2.17G   0.03863   0.03728   0.01721   0.09311        59       640    0.4861    0.8466    0.8247    0.4772   0.03263   0.02803   0.01121
   103/299     2.17G   0.03982   0.03886   0.01684   0.09552        38       640    0.4691    0.8569    0.8316    0.4889   0.03204   0.02851   0.01134
   104/299     2.17G   0.03854   0.03857   0.01654   0.09365        36       640    0.5995    0.9766    0.8968    0.5114   0.03336   0.02891   0.01123
   105/299     2.17G   0.03852   0.03846   0.01679   0.09376        40       640    0.6135    0.9797    0.8955    0.5292   0.03196   0.02813   0.01115
   106/299     2.17G   0.03646   0.03796   0.01708    0.0915        41       640    0.5788    0.9801    0.8972    0.5361   0.03145   0.02827   0.01099
   107/299     2.17G   0.03769   0.03719   0.01643   0.09131        20       640     0.596    0.9779    0.8858    0.5209   0.03208   0.02846   0.01104
   108/299     2.17G   0.03897    0.0385   0.01656   0.09403        37       640    0.6143    0.9786    0.8912    0.5245   0.03212   0.02767   0.01083
   109/299     2.17G   0.03657   0.03612   0.01553   0.08822        35       640    0.6084    0.9801    0.9037     0.516   0.03248   0.02755   0.01056
   110/299     2.17G   0.03652   0.03864   0.01544   0.09059        37       640    0.6357    0.9784    0.9013    0.5625   0.03058   0.02689   0.01043
   111/299     2.17G   0.03697   0.03969   0.01575    0.0924        37       640    0.4936    0.8549    0.8409    0.4888   0.03093   0.02749   0.01046
   112/299     2.17G   0.03848   0.03622   0.01508   0.08978        21       640    0.4799     0.854    0.8074    0.4854   0.03098   0.02715    0.0104
   113/299     2.17G   0.03758   0.03625   0.01551   0.08934        50       640    0.6072     0.979    0.9045    0.5009   0.03168   0.02717   0.01025
   114/299     2.17G   0.03782   0.03683   0.01594   0.09059        71       640    0.6162    0.9776    0.9058    0.5396   0.03131   0.02708   0.01035
   115/299     2.17G   0.03739   0.03708   0.01541   0.08988        37       640     0.599     0.977    0.9028    0.5166    0.0309    0.0275   0.01019
   116/299     2.17G    0.0381   0.03839   0.01624   0.09273        36       640    0.6028    0.9808    0.9089    0.5288   0.03147   0.02733   0.01064
   117/299     2.17G   0.03699   0.03712   0.01545   0.08956        16       640    0.6256    0.9798    0.9087    0.5759   0.03119   0.02701   0.01014
   118/299     2.17G   0.03597   0.03718   0.01587   0.08902        22       640    0.6258    0.9776    0.9138      0.59   0.02987   0.02683   0.01022
   119/299     2.17G    0.0364    0.0373   0.01531   0.08901        28       640    0.4984    0.8558     0.853    0.5268   0.03117   0.02701   0.01008
   120/299     2.17G   0.03648   0.03617   0.01579   0.08845        45       640    0.6205    0.9791    0.9159    0.5638   0.03064   0.02696  0.009894
   121/299     2.17G   0.03632   0.03592   0.01528   0.08752        24       640    0.6329     0.983    0.9213    0.5485   0.03145   0.02673  0.009936
   122/299     2.17G   0.03579   0.03646   0.01478   0.08704        32       640    0.6366    0.9761    0.9173    0.5254   0.02977   0.02617  0.009756
   123/299     2.17G   0.03703   0.03755   0.01526   0.08984        49       640     0.644    0.9819    0.9238    0.6046   0.02969     0.026  0.009625
   124/299     2.17G   0.03627   0.03554   0.01456   0.08638        31       640    0.5088    0.8555    0.8576    0.5236   0.03008   0.02645  0.009691
   125/299     2.17G   0.03527   0.03448   0.01501   0.08477        26       640    0.6278    0.9773    0.9145    0.5519    0.0309   0.02657  0.009673
   126/299     2.17G   0.03508   0.03542   0.01498   0.08549        46       640    0.6197    0.9774    0.9227    0.5857   0.02929   0.02611  0.009566
   127/299     2.17G    0.0368   0.03744   0.01575   0.08998        47       640    0.6132    0.9814    0.9242    0.5637   0.02962   0.02631  0.009553
   128/299     2.17G   0.03595   0.03596   0.01466   0.08657        20       640    0.5125    0.8566    0.8729    0.5684   0.02942   0.02592  0.009272
   129/299     2.17G   0.03608   0.03629   0.01451   0.08688        41       640    0.5129    0.8581    0.8743    0.5649   0.02978   0.02553  0.009174
   130/299     2.17G   0.03537   0.03478   0.01459   0.08474        25       640    0.5219    0.8567    0.8683    0.5951   0.02864   0.02556  0.009331
   131/299     2.17G   0.03586   0.03602   0.01506   0.08694        21       640    0.5122    0.8555    0.8692    0.5641   0.02979   0.02607  0.009194
   132/299     2.17G   0.03586    0.0371   0.01457   0.08752        50       640    0.6376    0.9809    0.9324    0.5735   0.02896   0.02551  0.009341
   133/299     2.17G   0.03498   0.03652    0.0149    0.0864        37       640    0.6486     0.984    0.9371    0.5792   0.02839   0.02536  0.009037
   134/299     2.17G   0.03556   0.03626   0.01414   0.08596        28       640    0.6445    0.9822    0.9351     0.572   0.02917   0.02563  0.009092
   135/299     2.17G   0.03557   0.03537   0.01383   0.08477        42       640    0.6172    0.9809    0.9323    0.5703   0.02884   0.02573  0.009122
   136/299     2.17G   0.03526    0.0348   0.01456   0.08462        34       640    0.6281     0.985    0.9349    0.5816   0.02845   0.02555  0.009106
   137/299     2.17G   0.03427   0.03607   0.01306    0.0834        29       640    0.5915    0.9854     0.942    0.6039   0.02845    0.0252   0.00868
   138/299     2.17G   0.03535   0.03735   0.01336   0.08606        28       640    0.6249     0.985    0.9493    0.5949   0.02861    0.0253  0.008538
   139/299     2.17G   0.03563   0.03567   0.01455   0.08585        35       640    0.6492    0.9844    0.9484    0.5956   0.02846   0.02512  0.008416
   140/299     2.17G   0.03566   0.03596   0.01379   0.08541        28       640    0.6174     0.985    0.9516    0.6278   0.02769   0.02498   0.00843
   141/299     2.17G    0.0358   0.03513   0.01402   0.08495        38       640     0.644    0.9845    0.9548    0.6166   0.02777   0.02497  0.008103
   142/299     2.17G   0.03429   0.03485   0.01388   0.08302        43       640     0.637    0.9877    0.9489    0.6211   0.02784   0.02533  0.008248
   143/299     2.17G   0.03378   0.03589   0.01365   0.08331        32       640    0.6213    0.9812    0.9344    0.6337   0.02748   0.02525  0.008728
   144/299     2.17G    0.0355   0.03631    0.0138   0.08561        44       640    0.6228    0.9829    0.9426    0.6226   0.02791   0.02497   0.00853
   145/299     2.17G   0.03504   0.03421   0.01302   0.08227        37       640    0.6456    0.9854    0.9521    0.6581   0.02773    0.0247  0.008258
   146/299     2.17G   0.03372   0.03425   0.01302   0.08099        26       640    0.6404    0.9842    0.9574    0.6243    0.0275   0.02481   0.00787
   147/299     2.17G   0.03442   0.03317   0.01377   0.08136        24       640    0.6544    0.9835    0.9623    0.6752   0.02729   0.02445  0.007535
   148/299     2.17G   0.03488   0.03436   0.01329   0.08252        33       640    0.6663    0.9821     0.962    0.6415   0.02753   0.02481  0.007638
   149/299     2.17G   0.03425   0.03383   0.01293     0.081        51       640    0.5253    0.8602    0.8981    0.6232   0.02746   0.02478   0.00773
   150/299     2.17G   0.03309   0.03429   0.01322   0.08061        50       640    0.6051    0.9866    0.9589     0.621   0.02705   0.02442  0.007661
   151/299     2.17G   0.03414   0.03423   0.01274    0.0811        21       640    0.6044    0.9851      0.96    0.6502   0.02745    0.0243  0.007661
   152/299     2.17G   0.03411   0.03543   0.01338   0.08292        70       640    0.6054    0.9822    0.9619    0.6757   0.02658   0.02424  0.007691
   153/299     2.17G   0.03421   0.03338   0.01343   0.08101        33       640     0.613    0.9833    0.9646      0.67   0.02685   0.02405  0.007656
   154/299     2.17G   0.03343   0.03644   0.01309   0.08297        35       640    0.6127    0.9852    0.9625    0.6704   0.02631   0.02386  0.007456
   155/299     2.17G   0.03423   0.03313   0.01316   0.08051        40       640    0.6093    0.9852    0.9612    0.6729   0.02682   0.02408  0.007264
   156/299     2.17G   0.03292    0.0341   0.01228   0.07929        33       640    0.6247    0.9869    0.9662    0.6653   0.02697   0.02405  0.007199
   157/299     2.17G   0.03318    0.0341   0.01247   0.07975        44       640    0.6495    0.9844    0.9672    0.6671   0.02694   0.02397  0.006974
   158/299     2.17G    0.0336   0.03446   0.01377   0.08182        58       640    0.6149     0.983    0.9675    0.6992   0.02682   0.02427  0.006974
   159/299     2.17G   0.03359   0.03324   0.01234   0.07918        43       640    0.6076    0.9839    0.9683    0.6736   0.02665   0.02428  0.007123
   160/299     2.17G   0.03375   0.03525   0.01357   0.08257        30       640    0.6164    0.9859    0.9692    0.6587   0.02698    0.0239  0.007023
   161/299     2.17G   0.03345   0.03279   0.01306    0.0793        44       640    0.6018    0.9817    0.9673    0.6354    0.0272   0.02388  0.006677
   162/299     2.17G   0.03286   0.03311   0.01273   0.07871        26       640    0.6237    0.9834    0.9709    0.6618   0.02657    0.0236  0.006577
   163/299     2.17G   0.03291   0.03376   0.01191   0.07858        27       640    0.6312     0.986    0.9735    0.6543   0.02753   0.02383  0.006478
   164/299     2.17G   0.03358   0.03473   0.01197   0.08029        46       640    0.6675    0.9845    0.9739    0.6396   0.02626   0.02374   0.00636
   165/299     2.17G   0.03353   0.03355   0.01256   0.07964        39       640    0.6543    0.9855    0.9728    0.6282    0.0271   0.02401  0.006458
   166/299     2.17G   0.03195   0.03273   0.01216   0.07684        37       640    0.6897     0.982     0.973    0.6577   0.02598   0.02343  0.006219
   167/299     2.17G   0.03389   0.03252   0.01308   0.07949        40       640     0.698    0.9872    0.9749    0.6572    0.0272   0.02379  0.006169
   168/299     2.17G   0.03334   0.03303     0.012   0.07836        20       640    0.7042    0.9811    0.9707    0.6701   0.02565   0.02335   0.00651
   169/299     2.17G   0.03205   0.03233    0.0113   0.07569        39       640    0.6601    0.9891     0.977    0.6649   0.02608   0.02351  0.006411
   170/299     2.17G   0.03259   0.03379   0.01241    0.0788        39       640    0.6352     0.986    0.9758      0.67   0.02608   0.02335  0.006626
   171/299     2.17G    0.0321   0.03379   0.01194   0.07782        27       640    0.6384    0.9843    0.9769    0.6639   0.02599   0.02344  0.006376
   172/299     2.17G   0.03326   0.03369   0.01216   0.07912        52       640    0.6452    0.9835    0.9737    0.6722   0.02635   0.02341  0.006423
   173/299     2.17G   0.03292   0.03386   0.01112    0.0779        60       640    0.6481    0.9847    0.9766    0.6911   0.02662   0.02299  0.006292
   174/299     2.17G   0.03277   0.03383   0.01185   0.07844        36       640     0.648    0.9832    0.9744    0.6957   0.02613   0.02311  0.006328
   175/299     2.17G   0.03333    0.0328   0.01211   0.07824        39       640    0.6666    0.9833    0.9761    0.6943   0.02612   0.02326  0.006219
   176/299     2.17G   0.03246   0.03353   0.01159   0.07759        46       640    0.6622    0.9816    0.9763     0.688   0.02575   0.02292  0.006089
   177/299     2.17G   0.03119    0.0317   0.01187   0.07477        31       640    0.6499    0.9842    0.9765    0.6809   0.02526   0.02276  0.005987
   178/299     2.17G   0.03182   0.03207   0.01115   0.07504        45       640    0.6585    0.9851    0.9793    0.6961   0.02566   0.02246  0.005886
   179/299     2.17G   0.03192   0.03222   0.01189   0.07602        24       640    0.6464    0.9841    0.9785    0.6846   0.02524   0.02267  0.005787
   180/299     2.17G   0.03188   0.03296    0.0116   0.07645        35       640    0.6221    0.9859    0.9785     0.694   0.02563   0.02293    0.0059
   181/299     2.17G   0.03095   0.03304   0.01109   0.07508        31       640    0.6371    0.9861    0.9784    0.6791   0.02526   0.02254  0.005885
   182/299     2.17G   0.03117    0.0319   0.01181   0.07487        28       640    0.6449    0.9877    0.9798    0.7012   0.02462   0.02238  0.005559
   183/299     2.17G   0.03259   0.03241   0.01165   0.07665        51       640    0.6634    0.9842    0.9791    0.6853   0.02505   0.02251  0.005495
   184/299     2.17G    0.0323   0.03272   0.01162   0.07664        22       640    0.6378    0.9862    0.9789    0.6829   0.02506   0.02268  0.005546
   185/299     2.17G   0.03194     0.033   0.01154   0.07648        41       640    0.6252    0.9884    0.9827      0.68   0.02471   0.02221   0.00552
   186/299     2.17G   0.03145   0.03187   0.01153   0.07486        35       640    0.6169    0.9845    0.9785    0.6823    0.0251   0.02213  0.005452
   187/299     2.17G   0.03242   0.03189   0.01133   0.07564        27       640    0.6081    0.9849    0.9161    0.6621   0.02507   0.02264  0.005473
   188/299     2.17G   0.03175   0.03258   0.01088    0.0752        29       640    0.6277    0.9878     0.982    0.6925   0.02508   0.02232  0.005418
   189/299     2.17G   0.03117   0.03271   0.01084   0.07472        47       640    0.6219    0.9847    0.9799     0.675    0.0247   0.02223  0.005426
   190/299     2.17G   0.03057    0.0317    0.0108   0.07307        34       640    0.6234    0.9862    0.9798    0.6528   0.02476   0.02239  0.005477
   191/299     2.17G   0.03121   0.03141   0.01064   0.07326        37       640    0.6367    0.9857    0.9801    0.6675   0.02446   0.02186  0.005485
   192/299     2.17G   0.03125   0.03159    0.0109   0.07375        41       640    0.6216    0.9877    0.9815    0.7051   0.02464   0.02213  0.005434
   193/299     2.17G    0.0307   0.03023   0.01056   0.07149        49       640    0.6441    0.9867    0.9804    0.6989   0.02513   0.02216  0.005326
   194/299     2.17G   0.03168   0.03365   0.01152   0.07685        31       640     0.658    0.9853    0.9798    0.7011   0.02451   0.02219  0.005518
   195/299     2.17G   0.03095   0.03249   0.01052   0.07397        47       640    0.6395    0.9839    0.9786    0.7057   0.02445   0.02217  0.005514
   196/299     2.17G   0.03103    0.0316    0.0103   0.07293        58       640    0.6374    0.9837    0.9783    0.7029   0.02436   0.02218  0.005692
   197/299     2.17G   0.03119   0.03245    0.0116   0.07524        21       640     0.642     0.986    0.9809    0.6988    0.0245   0.02223  0.005311
   198/299     2.17G   0.03053   0.03133   0.01077   0.07263        31       640    0.6637    0.9855    0.9819    0.7048   0.02414   0.02179  0.005302
   199/299     2.17G   0.03069   0.03184   0.01009   0.07262        24       640    0.6184     0.987    0.9827    0.6617   0.02398   0.02205  0.005303
   200/299     2.17G   0.03169   0.03165   0.01084   0.07417        32       640    0.6293    0.9876     0.983    0.6625   0.02373   0.02168  0.005155
   201/299     2.17G   0.02987   0.03097   0.01058   0.07142        22       640    0.6396    0.9871    0.9819     0.672    0.0241   0.02165  0.005224
   202/299     2.17G   0.03079   0.03247   0.01071   0.07398        45       640     0.627    0.9897    0.9836    0.6765   0.02396   0.02193  0.005346
   203/299     2.17G   0.03084   0.03135   0.01052   0.07271        30       640    0.6197    0.9889    0.9842    0.6801   0.02359    0.0215  0.005284
   204/299     2.17G   0.03095   0.03008   0.01056   0.07158        43       640    0.6077    0.9883     0.983    0.6799   0.02359   0.02139  0.005373
   205/299     2.17G   0.03006   0.03133   0.01002    0.0714        37       640      0.64    0.9886    0.9831    0.7072   0.02361   0.02136  0.005167
   206/299     2.17G   0.03005   0.03146   0.01074   0.07225        35       640     0.591    0.9883    0.9836    0.7155   0.02346   0.02144   0.00508
   207/299     2.17G   0.03019   0.02988  0.009588   0.06966        19       640    0.5873    0.9885    0.9846     0.705   0.02355    0.0216  0.005033
   208/299     2.17G   0.03032   0.03068   0.01006   0.07105        54       640    0.6023      0.99     0.984    0.6789   0.02354   0.02152  0.004994
   209/299     2.17G   0.03022   0.03079   0.01075   0.07176        54       640    0.6044    0.9857    0.9817    0.6806   0.02336    0.0213  0.004964
   210/299     2.17G   0.03007   0.03028   0.01065     0.071        35       640    0.6201    0.9862    0.9802    0.7338   0.02351   0.02137  0.005022
   211/299     2.17G   0.02946   0.03039   0.01029   0.07013        27       640    0.6071    0.9861    0.9817    0.6836   0.02338   0.02133   0.00496
   212/299     2.17G   0.03101   0.03203   0.01047   0.07351        72       640     0.612    0.9871    0.9836      0.71   0.02357   0.02139  0.005017
   213/299     2.17G   0.03032   0.03128   0.01039   0.07199        44       640      0.62    0.9897     0.985    0.7266   0.02324   0.02125  0.004879
   214/299     2.17G   0.02911   0.03171  0.009871   0.07069        41       640    0.6195     0.988     0.985    0.7173   0.02323   0.02109  0.004816
   215/299     2.17G   0.02983   0.03186  0.009602    0.0713        37       640    0.6138    0.9862    0.9835    0.7032    0.0229   0.02118  0.004791
   216/299     2.17G   0.02958   0.03042  0.009169   0.06917        35       640    0.6207    0.9889    0.9849    0.7265   0.02322   0.02119   0.00476
   217/299     2.17G   0.03002   0.03041  0.009569      0.07        31       640    0.6243    0.9888    0.9843     0.714   0.02302   0.02091  0.004674
   218/299     2.17G   0.02978   0.02954  0.009699   0.06902        36       640    0.6143      0.99    0.9862    0.7014   0.02313   0.02094  0.004766
   219/299     2.17G    0.0298   0.03055  0.009758   0.07011        26       640    0.5957    0.9881    0.9848    0.6895   0.02307   0.02095  0.004805
   220/299     2.17G   0.02973   0.03224  0.009845   0.07181        31       640    0.6094    0.9884    0.9855    0.7075   0.02278   0.02105  0.004753
   221/299     2.17G   0.02878   0.03061  0.009547   0.06893        20       640    0.6091    0.9879    0.9845    0.6879   0.02282   0.02082  0.004722
   222/299     2.17G   0.02881   0.03051  0.009416   0.06874        36       640    0.5922    0.9875    0.9842    0.7149   0.02303   0.02099  0.004752
   223/299     2.17G   0.02949    0.0304  0.009463   0.06935        28       640    0.5934    0.9865    0.9853    0.7042   0.02277   0.02091  0.004743
   224/299     2.17G    0.0295   0.03015   0.00956   0.06921        35       640     0.585    0.9869    0.9203    0.6703   0.02285   0.02089  0.004766
   225/299     2.17G   0.02857   0.02886  0.009348   0.06677        60       640    0.6008    0.9877    0.9838    0.6879   0.02273   0.02046  0.004656
   226/299     2.17G   0.02954   0.03127  0.009921   0.07073        52       640     0.599    0.9879    0.9852    0.6629   0.02275   0.02046  0.004655
   227/299     2.17G   0.02809   0.03075  0.009788   0.06864        64       640    0.6178    0.9892    0.9845     0.689   0.02245   0.02057  0.004736
   228/299     2.17G   0.02925   0.03088  0.009628   0.06976        59       640    0.6131    0.9878    0.9855    0.7072    0.0226   0.02061  0.004647
   229/299     2.17G   0.02835   0.02949   0.00948   0.06732        33       640     0.615     0.989    0.9854    0.7085    0.0223   0.02057  0.004631
   230/299     2.17G   0.02844   0.02958  0.009433   0.06745        27       640    0.6061    0.9886    0.9848    0.7192   0.02278   0.02057  0.004729
   231/299     2.17G   0.02905   0.02963  0.009913    0.0686        38       640    0.6019    0.9902    0.9854    0.7208   0.02245   0.02058  0.004672
   232/299     2.17G   0.02889   0.03055  0.009173   0.06862        37       640     0.607    0.9901     0.985    0.7099   0.02254   0.02035  0.004618
   233/299     2.17G   0.02916   0.02964   0.01044   0.06924        22       640    0.5924    0.9904    0.9844    0.7077   0.02257   0.02068  0.004644
   234/299     2.17G   0.02917    0.0302   0.01042   0.06978        40       640    0.6098    0.9908    0.9859    0.7084   0.02262   0.02071  0.004713
   235/299     2.17G   0.02919   0.02966   0.01015     0.069        34       640     0.612    0.9891    0.9847    0.7122   0.02222   0.02059  0.004709
   236/299     2.17G   0.02853   0.02932   0.01032   0.06817        50       640     0.608    0.9897    0.9858    0.6954   0.02241   0.02061  0.004703
   237/299     2.17G   0.02891   0.03082  0.009722   0.06946        32       640    0.6145    0.9897    0.9857    0.6975   0.02227   0.02037  0.004605
   238/299     2.17G   0.02849   0.02988  0.009419   0.06779        15       640    0.6164    0.9889    0.9859    0.7109   0.02221    0.0204  0.004528
   239/299     2.17G   0.02879   0.02971  0.009365   0.06787        19       640    0.6054    0.9907     0.986    0.6969   0.02228   0.02066  0.004605
   240/299     2.17G   0.02833   0.02897   0.00935   0.06665        36       640    0.6412    0.9907    0.9862    0.6982   0.02225   0.02047  0.004742
   241/299     2.17G   0.02808   0.02903  0.009547   0.06666        23       640     0.646    0.9906     0.987     0.724   0.02228   0.02031  0.004562
   242/299     2.17G   0.02824   0.02876  0.009079   0.06607        27       640    0.6332    0.9887    0.9866    0.7142   0.02239   0.02032   0.00447
   243/299     2.17G   0.02822   0.02941  0.009359   0.06699        26       640    0.6274    0.9888    0.9848     0.714   0.02219   0.02045   0.00447
   244/299     2.17G   0.02871   0.03126  0.008964   0.06893        37       640    0.6089    0.9878    0.9866    0.7147   0.02223   0.02052  0.004494
   245/299     2.17G   0.02788   0.02866   0.00943   0.06597        23       640    0.6011    0.9898    0.9867    0.7143   0.02192   0.02029  0.004421
   246/299     2.17G   0.02848   0.03037  0.009338   0.06819        50       640    0.6097    0.9892    0.9867    0.7184    0.0217   0.01999  0.004409
   247/299     2.17G    0.0279   0.02967   0.00909   0.06666        36       640    0.6065    0.9902    0.9868     0.727   0.02182   0.02017    0.0046
   248/299     2.17G   0.02828    0.0295  0.009217     0.067        32       640     0.614     0.989    0.9856    0.7264   0.02181   0.02027  0.004693
   249/299     2.17G   0.02786   0.02991  0.009181   0.06695        33       640    0.5961    0.9894    0.9861    0.7124   0.02175   0.02012  0.004713
   250/299     2.17G   0.02882   0.02903  0.009529   0.06738        34       640    0.5988    0.9905    0.9873    0.7134   0.02179   0.01994  0.004548
   251/299     2.17G    0.0279   0.02844  0.009038   0.06538        32       640    0.6059     0.988    0.9864     0.719   0.02156   0.01968    0.0044
   252/299     2.17G    0.0282   0.03022  0.008703   0.06713        46       640    0.6109    0.9898    0.9862    0.7289   0.02169   0.02009  0.004353
   253/299     2.17G   0.02807   0.02939   0.00939   0.06685        31       640    0.6055    0.9897    0.9865    0.7469   0.02146   0.01991  0.004357
   254/299     2.17G   0.02797   0.03004  0.009227   0.06723        45       640    0.6115    0.9876    0.9862    0.7473   0.02135   0.01981   0.00436
   255/299     2.17G   0.02762   0.03102  0.008872   0.06751        47       640    0.6084    0.9869    0.9855    0.7346   0.02134   0.01983  0.004316
   256/299     2.17G    0.0282   0.02959   0.00915   0.06695        41       640    0.6206    0.9878    0.9852     0.746   0.02119   0.01974  0.004349
   257/299     2.17G   0.02754   0.02838  0.009449   0.06537        38       640    0.6409    0.9881    0.9864    0.7576   0.02146   0.01977  0.004507
   258/299     2.17G   0.02772   0.02931  0.009619   0.06665        35       640    0.6125    0.9859    0.9851    0.7458   0.02136   0.01984   0.00453
   259/299     2.17G   0.02674   0.02729  0.008083   0.06211        50       640    0.6122    0.9865    0.9849    0.7445    0.0215   0.01984  0.004262
   260/299     2.17G   0.02754   0.02728  0.008972   0.06379        32       640    0.6105    0.9899    0.9863    0.7562   0.02147   0.01983  0.004225
   261/299     2.17G   0.02758   0.02798  0.008793   0.06435        41       640    0.5999    0.9902    0.9861    0.7427   0.02143   0.01979  0.004197
   262/299     2.17G   0.02718   0.02823  0.009164   0.06457        22       640    0.6022    0.9897    0.9855    0.7238   0.02116   0.01971  0.004189
   263/299     2.17G   0.02782   0.02937  0.008575   0.06577        32       640    0.6223    0.9906    0.9857    0.7467   0.02131   0.01961  0.004193
   264/299     2.17G   0.02689   0.02847  0.008196   0.06356        28       640    0.6162     0.989    0.9866    0.7404   0.02104   0.01952  0.004231
   265/299     2.17G   0.02635   0.02756  0.008468   0.06238        30       640    0.6017    0.9875    0.9841    0.7119   0.02108    0.0194  0.004179
   266/299     2.17G    0.0273   0.02754  0.008732   0.06357        42       640    0.6063    0.9884    0.9861    0.7397   0.02099   0.01935  0.004173
   267/299     2.17G    0.0281   0.02953  0.008936   0.06656        32       640    0.5904    0.9881    0.9863    0.7364    0.0212   0.01941  0.004191
   268/299     2.17G   0.02695    0.0275  0.009111   0.06356        18       640    0.5889    0.9892    0.9862    0.7221   0.02113   0.01954  0.004267
   269/299     2.17G   0.02691   0.02814  0.008903   0.06396        27       640    0.5966    0.9902    0.9851    0.7363    0.0211   0.01967   0.00431
   270/299     2.17G   0.02712   0.02903  0.009162   0.06531        24       640    0.6039    0.9888    0.9862    0.7148   0.02074    0.0195  0.004269
   271/299     2.17G   0.02756   0.02886  0.008427   0.06484        19       640    0.6034    0.9908     0.988    0.7345   0.02107   0.01941  0.004245
   272/299     2.17G   0.02744   0.02931  0.008805   0.06555        37       640    0.5921    0.9897    0.9858    0.7097   0.02099   0.01966  0.004363
   273/299     2.17G   0.02669   0.02929  0.008969   0.06494        26       640    0.5997    0.9898    0.9864    0.7252    0.0209   0.01965  0.004301
   274/299     2.17G   0.02755   0.02856  0.008927   0.06504        59       640    0.5918    0.9909    0.9861    0.7274   0.02103   0.01949  0.004274
   275/299     2.17G   0.02718    0.0268  0.008687   0.06267        24       640    0.5951    0.9899    0.9861    0.7252   0.02094   0.01946   0.00426
   276/299     2.17G    0.0264    0.0279  0.008442   0.06274        55       640    0.5974    0.9879    0.9862    0.7368   0.02096   0.01943  0.004234
   277/299     2.17G   0.02693   0.02708   0.00875   0.06277        50       640    0.5935    0.9905    0.9868    0.7922   0.02075   0.01939  0.004195
   278/299     2.17G   0.02755    0.0294  0.008863   0.06581        76       640    0.5958    0.9887    0.9862    0.7674    0.0208   0.01936  0.004193
   279/299     2.17G   0.02765   0.02873  0.008533   0.06491        50       640    0.6041    0.9894    0.9867    0.7794    0.0207   0.01943  0.004165
   280/299     2.17G   0.02641   0.02797  0.008068   0.06245        35       640    0.6141    0.9897    0.9865    0.7806   0.02076   0.01937  0.004115
   281/299     2.17G   0.02699   0.02782  0.009339   0.06415        33       640    0.6012    0.9909    0.9874    0.7433   0.02094   0.01928  0.004093
   282/299     2.17G   0.02638   0.02932  0.008491   0.06419        29       640    0.6007    0.9892    0.9866    0.7296   0.02098   0.01928  0.004155
   283/299     2.17G   0.02763   0.02866  0.008574   0.06486        33       640    0.6198    0.9901    0.9871    0.7446   0.02065    0.0192   0.00417
   284/299     2.17G   0.02739   0.02843  0.008461   0.06428        53       640    0.6138    0.9908    0.9867     0.769   0.02064   0.01934  0.004138
   285/299     2.17G   0.02751   0.02882  0.009153   0.06549        70       640    0.6226    0.9911     0.987    0.7721   0.02071   0.01926  0.004117
   286/299     2.17G   0.02676   0.02776  0.008445   0.06296        35       640    0.6276    0.9919    0.9871    0.8107   0.02056   0.01913  0.004125
   287/299     2.17G   0.02718   0.02818   0.00832   0.06368        25       640    0.6224    0.9904    0.9884    0.8237   0.02054   0.01916  0.004127
   288/299     2.17G   0.02615   0.02715  0.008366   0.06166        31       640    0.6273    0.9924    0.9887    0.7967   0.02047   0.01917  0.004075
   289/299     2.17G   0.02655   0.02824  0.008499   0.06329        25       640    0.6235    0.9888    0.9872    0.7946   0.02064   0.01922  0.004129
   290/299     2.17G   0.02676   0.02724  0.008567   0.06257        37       640     0.629    0.9911    0.9877    0.7962   0.02065   0.01916  0.004214
   291/299     2.17G   0.02775   0.02812   0.00894   0.06481        40       640     0.631    0.9896    0.9875    0.7993   0.02072    0.0191  0.004254
   292/299     2.17G   0.02575   0.02663  0.007953   0.06034        18       640    0.6322    0.9906    0.9876    0.7972    0.0205   0.01912  0.004219
   293/299     2.17G   0.02647   0.02779  0.008459   0.06272        28       640    0.6238    0.9903    0.9878    0.7976    0.0203   0.01918  0.004126
   294/299     2.17G   0.02717   0.02697  0.009343   0.06348        32       640    0.6259    0.9902    0.9874    0.7877   0.02052   0.01909  0.004097
   295/299     2.17G   0.02633   0.02904  0.008576   0.06395        44       640    0.6239    0.9918    0.9888    0.7718   0.02048   0.01896  0.004122
   296/299     2.17G   0.02727   0.02858  0.009085   0.06493        39       640    0.5965    0.9902    0.9869    0.7837   0.02063   0.01901  0.004119
   297/299     2.17G    0.0262   0.02774  0.008401   0.06234        44       640     0.598    0.9906    0.9879    0.7854   0.02048   0.01902  0.004138
   298/299     2.17G   0.02696   0.02778  0.008525   0.06326        40       640    0.5917    0.9893    0.9867    0.7586   0.02029   0.01908  0.004091
   299/299     2.17G   0.02669   0.02735  0.008867   0.06291        33       640    0.5944      0.99    0.9875    0.7467   0.02025   0.01906  0.004085
